{
  "camera_angle_x": 0.952260795043887,
  "camera_angle_y": 0.57258790429463,
  "fl_x": 1861.5390889850048,
  "fl_y": 1834.3565523082739,
  "k1": 0.034285263847572404,
  "k2": -0.11452266170288924,
  "p1": 0.004347219637252871,
  "p2": 0.0015367541032972978,
  "cx": 968.9301742300651,
  "cy": 473.47669094489436,
  "w": 1920.0,
  "h": 1080.0,
  "aabb_scale": 1,
  "frames": [
    {
      "file_path": "./airbus_images_nobg/png/0029.png",
      "sharpness": 24.406991701670947,
      "transform_matrix": [
        [
          -0.914863197903941,
          0.057768389577581576,
          0.3996099877385343,
          1.4763271950990036
        ],
        [
          0.4030046848380168,
          0.06998051220038826,
          0.9125184666148073,
          3.266471870865694
        ],
        [
          0.024749810653808033,
          0.9958742596803153,
          -0.08730352681791594,
          -0.2712509165508178
        ],
        [
          0.0,
          0.0,
          0.0,
          1.0
        ]
      ]
    },
    {
      "file_path": "./airbus_images_nobg/png/0028.png",
      "sharpness": 20.868868020889884,
      "transform_matrix": [
        [
          -0.8565761198148621,
          0.015239107779881885,
          0.5157956189914688,
          1.8616141483916568
        ],
        [
          0.5147767424935071,
          0.09459887645095179,
          0.8520891725425503,
          3.07773667600186
        ],
        [
          -0.03580860729646986,
          0.9953988256896048,
          -0.08887587679063685,
          -0.3020700221442322
        ],
        [
          0.0,
          0.0,
          0.0,
          1.0
        ]
      ]
    },
    {
      "file_path": "./airbus_images_nobg/png/0026.png",
      "sharpness": 32.52802677520394,
      "transform_matrix": [
        [
          -0.7412854589153293,
          -0.04566647452869044,
          0.6696345581872358,
          2.3874180139075976
        ],
        [
          0.6593537837068635,
          0.13699121756334443,
          0.7392469101891549,
          2.7055246625212934
        ],
        [
          -0.1254928536431279,
          0.9895190647129344,
          -0.0714392348097684,
          -0.28595205633027204
        ],
        [
          0.0,
          0.0,
          0.0,
          1.0
        ]
      ]
    },
    {
      "file_path": "./airbus_images_nobg/png/0027.png",
      "sharpness": 30.223592001525336,
      "transform_matrix": [
        [
          -0.7973826594273159,
          -0.018449037375120023,
          0.6031919491159984,
          2.172757973057672
        ],
        [
          0.5976661828056617,
          0.11419583214964034,
          0.7935706936703357,
          2.8891707434811957
        ],
        [
          -0.08352262196258904,
          0.9932869398896975,
          -0.08003141059056865,
          -0.30323023123743115
        ],
        [
          0.0,
          0.0,
          0.0,
          1.0
        ]
      ]
    },
    {
      "file_path": "./airbus_images_nobg/png/0025.png",
      "sharpness": 31.158920202870895,
      "transform_matrix": [
        [
          -0.6894122476070009,
          -0.07111176696937883,
          0.7208702167947852,
          2.5181828598397487
        ],
        [
          0.7061252532333262,
          0.15596668780714448,
          0.6906964014984419,
          2.595849652113702
        ],
        [
          -0.1615483816022466,
          0.9851992229536888,
          -0.057311530333821,
          -0.2755390628353577
        ],
        [
          0.0,
          0.0,
          0.0,
          1.0
        ]
      ]
    },
    {
      "file_path": "./airbus_images_nobg/png/0014.png",
      "sharpness": 32.44116355646892,
      "transform_matrix": [
        [
          -0.41715099531383204,
          -0.3291175031442356,
          0.8471521210777837,
          3.30428571935239
        ],
        [
          0.8505499056975351,
          0.18706584929926304,
          0.49149895823502693,
          2.0154585988328657
        ],
        [
          -0.3202341409473928,
          0.9255744363176287,
          0.20189615603832292,
          0.860448541340026
        ],
        [
          0.0,
          0.0,
          0.0,
          1.0
        ]
      ]
    },
    {
      "file_path": "./airbus_images_nobg/png/0012.png",
      "sharpness": 27.75093342495304,
      "transform_matrix": [
        [
          -0.5637771612142085,
          -0.30884036264203735,
          0.7660110592610185,
          3.0655844186709453
        ],
        [
          0.791895818671901,
          0.061356764264252836,
          0.6075659304563067,
          2.4749536643473564
        ],
        [
          -0.2346408422779615,
          0.9491327504083603,
          0.2099778494351531,
          0.9259192781343145
        ],
        [
          0.0,
          0.0,
          0.0,
          1.0
        ]
      ]
    },
    {
      "file_path": "./airbus_images_nobg/png/0013.png",
      "sharpness": 35.52757701165026,
      "transform_matrix": [
        [
          -0.4921163948832118,
          -0.333674411418935,
          0.8040415667521068,
          3.2256137919270604
        ],
        [
          0.824098820585304,
          0.11904453785951666,
          0.5537955687056212,
          2.248056502629483
        ],
        [
          -0.28050416716810894,
          0.9351415856356794,
          0.21639692010787642,
          0.8904247928040869
        ],
        [
          0.0,
          0.0,
          0.0,
          1.0
        ]
      ]
    },
    {
      "file_path": "./airbus_images_nobg/png/0024.png",
      "sharpness": 31.886373504259826,
      "transform_matrix": [
        [
          -0.6410699060460314,
          -0.09638091762467578,
          0.761406655010161,
          2.670160942135813
        ],
        [
          0.7422301116718528,
          0.17453634144084884,
          0.6470174084569049,
          2.4796279382130555
        ],
        [
          -0.1952532634604042,
          0.9799223358254984,
          -0.04035317675750425,
          -0.22376493009686857
        ],
        [
          0.0,
          0.0,
          0.0,
          1.0
        ]
      ]
    },
    {
      "file_path": "./airbus_images_nobg/png/0023.png",
      "sharpness": 31.7598247309346,
      "transform_matrix": [
        [
          -0.5913806226899018,
          -0.11782958278717733,
          0.7977375185741915,
          2.730900134192271
        ],
        [
          0.7739221985641237,
          0.19496335073248885,
          0.6025227982766219,
          2.3304529452010976
        ],
        [
          -0.2265245895669424,
          0.9737070818817173,
          -0.024106617991343216,
          -0.1840539000170188
        ],
        [
          0.0,
          0.0,
          0.0,
          1.0
        ]
      ]
    },
    {
      "file_path": "./airbus_images_nobg/png/0011.png",
      "sharpness": 32.45336213205779,
      "transform_matrix": [
        [
          -0.6348204276531926,
          -0.2805717717405377,
          0.7199184020084483,
          2.8979226291592837
        ],
        [
          0.7507836088963096,
          -0.003849337862534607,
          0.6605370203197626,
          2.6850677710418442
        ],
        [
          -0.18255683292854485,
          0.9598253296909242,
          0.21309232564986846,
          0.8994666627342084
        ],
        [
          0.0,
          0.0,
          0.0,
          1.0
        ]
      ]
    },
    {
      "file_path": "./airbus_images_nobg/png/0016.png",
      "sharpness": 27.152944586407703,
      "transform_matrix": [
        [
          -0.32856688000694617,
          -0.24465412471200298,
          0.9122434788134741,
          3.336119154002171
        ],
        [
          0.876153461692149,
          0.2817356827273324,
          0.39112672709147,
          1.5816754880124477
        ],
        [
          -0.35270230638510514,
          0.9277765702762861,
          0.12178554402333773,
          0.38533216854588315
        ],
        [
          0.0,
          0.0,
          0.0,
          1.0
        ]
      ]
    },
    {
      "file_path": "./airbus_images_nobg/png/0022.png",
      "sharpness": 30.92864304781732,
      "transform_matrix": [
        [
          -0.5376897448759571,
          -0.13705778708878705,
          0.83192842316353,
          2.814839188348167
        ],
        [
          0.8030788896292284,
          0.21729008941842923,
          0.5548417018165397,
          2.1417472947056053
        ],
        [
          -0.2568151772944879,
          0.9664368474214395,
          -0.006766437273166796,
          -0.13902806795932127
        ],
        [
          0.0,
          0.0,
          0.0,
          1.0
        ]
      ]
    },
    {
      "file_path": "./airbus_images_nobg/png/0009.png",
      "sharpness": 29.2073808627091,
      "transform_matrix": [
        [
          -0.7755216276953727,
          -0.1933179851271028,
          0.6009944771933612,
          2.3382659199958593
        ],
        [
          0.6276743094863745,
          -0.1339303009876103,
          0.7668687212883495,
          3.1666587380931293
        ],
        [
          -0.06775814483406328,
          0.9719520724396775,
          0.22520657784559425,
          0.9056867827701258
        ],
        [
          0.0,
          0.0,
          0.0,
          1.0
        ]
      ]
    },
    {
      "file_path": "./airbus_images_nobg/png/0015.png",
      "sharpness": 17.537467194055637,
      "transform_matrix": [
        [
          -0.36175787582431157,
          -0.2975575998333571,
          0.8835104493294339,
          3.3565815387389093
        ],
        [
          0.8662880347695133,
          0.2429020026648885,
          0.4365130672944607,
          1.7740716842067117
        ],
        [
          -0.34449423811751156,
          0.9232865708419237,
          0.16989887587285085,
          0.7621288322977511
        ],
        [
          0.0,
          0.0,
          0.0,
          1.0
        ]
      ]
    },
    {
      "file_path": "./airbus_images_nobg/png/0018.png",
      "sharpness": 22.37394046540415,
      "transform_matrix": [
        [
          -0.32420654060319115,
          -0.16775395575703067,
          0.9309934099507816,
          3.360175308068627
        ],
        [
          0.8781354522694975,
          0.31263169527220525,
          0.3621319518917508,
          1.368472844356795
        ],
        [
          -0.3518071154760199,
          0.9349438664717572,
          0.04595345540158472,
          0.06500723542611854
        ],
        [
          0.0,
          0.0,
          0.0,
          1.0
        ]
      ]
    },
    {
      "file_path": "./airbus_images_nobg/png/0006.png",
      "sharpness": 30.63694568564124,
      "transform_matrix": [
        [
          -0.8920021953103132,
          -0.03770265454685061,
          0.4504559838824512,
          1.8255713259862627
        ],
        [
          0.4463588416168033,
          -0.23083690239486784,
          0.8645681633078474,
          3.572088115497125
        ],
        [
          0.07138534919125651,
          0.9722617108311339,
          0.22273593690426546,
          0.9439535970659829
        ],
        [
          0.0,
          0.0,
          0.0,
          1.0
        ]
      ]
    },
    {
      "file_path": "./airbus_images_nobg/png/0046.png",
      "sharpness": 21.28049648755656,
      "transform_matrix": [
        [
          -0.6642412169630223,
          -0.09119910412656236,
          0.7419341811156837,
          3.3638504861098437
        ],
        [
          0.7397752133547486,
          0.062287940831016374,
          0.6699648096245245,
          2.7239075518924922
        ],
        [
          -0.10731374280792189,
          0.9938827575974293,
          0.0260926190932746,
          -0.055112393295922706
        ],
        [
          0.0,
          0.0,
          0.0,
          1.0
        ]
      ]
    },
    {
      "file_path": "./airbus_images_nobg/png/0002.png",
      "sharpness": 24.57277090432799,
      "transform_matrix": [
        [
          -0.9550429785588008,
          0.09365709601351185,
          0.2812850111286665,
          1.0242809834664977
        ],
        [
          0.24811239344973035,
          -0.2668327233719011,
          0.9312575035707568,
          4.026332015201257
        ],
        [
          0.16227491898838745,
          0.9591812373681162,
          0.23159923265059343,
          0.9787457855895885
        ],
        [
          0.0,
          0.0,
          0.0,
          1.0
        ]
      ]
    },
    {
      "file_path": "./airbus_images_nobg/png/0042.png",
      "sharpness": 32.767089190918476,
      "transform_matrix": [
        [
          -0.8841746154026586,
          0.08984395746239726,
          0.4584357237376468,
          2.656890482923027
        ],
        [
          0.45836554422693976,
          -0.022636029343718025,
          0.8884754571980865,
          4.155719504944227
        ],
        [
          0.09020131567762277,
          0.9956985856668968,
          -0.021167171918528516,
          -0.3851472454512506
        ],
        [
          0.0,
          0.0,
          0.0,
          1.0
        ]
      ]
    },
    {
      "file_path": "./airbus_images_nobg/png/0008.png",
      "sharpness": 28.750734466425065,
      "transform_matrix": [
        [
          -0.8266147292027096,
          -0.13950544466199363,
          0.5452030084185108,
          2.125630952080879
        ],
        [
          0.5625508271224439,
          -0.17790523509244527,
          0.807394757372633,
          3.3191268203589064
        ],
        [
          -0.015641495259228103,
          0.9741088020607447,
          0.2255379910123749,
          0.9195459066841148
        ],
        [
          0.0,
          0.0,
          0.0,
          1.0
        ]
      ]
    },
    {
      "file_path": "./airbus_images_nobg/png/0039.png",
      "sharpness": 20.71726423914657,
      "transform_matrix": [
        [
          -0.9507400474340831,
          0.29855418985449556,
          0.08341917009397316,
          0.7027918103732682
        ],
        [
          0.03772760216066669,
          -0.1556604425434079,
          0.9870898918865767,
          4.3248411287167166
        ],
        [
          0.30768488791919024,
          0.9416130958958268,
          0.13672888282909967,
          0.3915718768637568
        ],
        [
          0.0,
          0.0,
          0.0,
          1.0
        ]
      ]
    },
    {
      "file_path": "./airbus_images_nobg/png/0003.png",
      "sharpness": 26.38871115942477,
      "transform_matrix": [
        [
          -0.9457743981034366,
          0.07554062290592477,
          0.31591834735714736,
          1.2507852144369564
        ],
        [
          0.2849777001415066,
          -0.2737655393060167,
          0.91860771818704,
          3.9852523808955485
        ],
        [
          0.1558797559789341,
          0.9588253458238649,
          0.23739304517562357,
          0.97426496602193
        ],
        [
          0.0,
          0.0,
          0.0,
          1.0
        ]
      ]
    },
    {
      "file_path": "./airbus_images_nobg/png/0041.png",
      "sharpness": 31.975431077586148,
      "transform_matrix": [
        [
          -0.9256650771757657,
          0.1542219485912979,
          0.3454848122330286,
          1.962655369563918
        ],
        [
          0.3406594703786156,
          -0.05754488508891423,
          0.938424057366243,
          4.484050434743475
        ],
        [
          0.16460647055188848,
          0.9863590506446777,
          0.0007301231690308334,
          -0.40818572153258487
        ],
        [
          0.0,
          0.0,
          0.0,
          1.0
        ]
      ]
    },
    {
      "file_path": "./airbus_images_nobg/png/0001.png",
      "sharpness": 25.163592270535855,
      "transform_matrix": [
        [
          -0.9605685492409167,
          0.09931386820710862,
          0.2597014012375476,
          0.9235741078259295
        ],
        [
          0.22587369875396296,
          -0.26594819765834093,
          0.9371513369652422,
          4.04485709976694
        ],
        [
          0.16213924395795307,
          0.9588578162370003,
          0.23302908364840613,
          0.9674885313994153
        ],
        [
          0.0,
          0.0,
          0.0,
          1.0
        ]
      ]
    },
    {
      "file_path": "./airbus_images_nobg/png/0043.png",
      "sharpness": 32.347821247861646,
      "transform_matrix": [
        [
          -0.82852820797741,
          0.03677026199170498,
          0.5587387192889066,
          2.976018165134281
        ],
        [
          0.5591052886852621,
          -0.0003768464596878683,
          0.8290965770965242,
          3.786866436784276
        ],
        [
          0.030696657064519482,
          0.9993236742096454,
          -0.020246220023977027,
          -0.3505474387519243
        ],
        [
          0.0,
          0.0,
          0.0,
          1.0
        ]
      ]
    },
    {
      "file_path": "./airbus_images_nobg/png/0020.png",
      "sharpness": 29.316182395744605,
      "transform_matrix": [
        [
          -0.4268003298873309,
          -0.15315117080062346,
          0.8912834550827632,
          3.184214001211562
        ],
        [
          0.8495468421651875,
          0.26995940834713644,
          0.4532020309026418,
          1.7293130475831873
        ],
        [
          -0.31001877584569437,
          0.9506138210344951,
          0.014890328988824406,
          0.0016432916169771994
        ],
        [
          0.0,
          0.0,
          0.0,
          1.0
        ]
      ]
    },
    {
      "file_path": "./airbus_images_nobg/png/0044.png",
      "sharpness": 35.62988811040371,
      "transform_matrix": [
        [
          -0.7641155791979463,
          -0.0030014374489932623,
          0.6450723781204953,
          3.1980037963321974
        ],
        [
          0.6447813581535774,
          0.02683865080660359,
          0.7638957304519814,
          3.4157020751912035
        ],
        [
          -0.01960565755386601,
          0.9996352725930451,
          -0.018572560291204323,
          -0.28976738245811856
        ],
        [
          0.0,
          0.0,
          0.0,
          1.0
        ]
      ]
    },
    {
      "file_path": "./airbus_images_nobg/png/0010.png",
      "sharpness": 33.32378558170439,
      "transform_matrix": [
        [
          -0.7056400401154035,
          -0.24272123831958525,
          0.6657015354258567,
          2.657034396940501
        ],
        [
          0.6981765036153418,
          -0.07784254518343342,
          0.711681184211778,
          2.9402515868755574
        ],
        [
          -0.12092023647056338,
          0.9669679098315663,
          0.22439108222907728,
          0.8812559831737806
        ],
        [
          0.0,
          0.0,
          0.0,
          1.0
        ]
      ]
    },
    {
      "file_path": "./airbus_images_nobg/png/0045.png",
      "sharpness": 33.23139439072101,
      "transform_matrix": [
        [
          -0.7040887342086065,
          -0.039580883206139644,
          0.7090080451299186,
          3.327090165147612
        ],
        [
          0.7072283102680675,
          0.050803702223201005,
          0.7051575008450576,
          3.084936084459719
        ],
        [
          -0.06393099028151582,
          0.9979240139113993,
          -0.007777593242648662,
          -0.20684835571097612
        ],
        [
          0.0,
          0.0,
          0.0,
          1.0
        ]
      ]
    },
    {
      "file_path": "./airbus_images_nobg/png/0021.png",
      "sharpness": 27.086512935992264,
      "transform_matrix": [
        [
          -0.48088909709730904,
          -0.14947143075793806,
          0.8639467389219744,
          2.9336664758336064
        ],
        [
          0.8296953801800252,
          0.2409887756320236,
          0.503517612531636,
          1.9219179640120767
        ],
        [
          -0.28346296478101096,
          0.9589487480680915,
          0.008126880844489925,
          -0.07926774111140068
        ],
        [
          0.0,
          0.0,
          0.0,
          1.0
        ]
      ]
    },
    {
      "file_path": "./airbus_images_nobg/png/0033.png",
      "sharpness": 23.8426059995519,
      "transform_matrix": [
        [
          -0.9555499440694791,
          0.2928345194331725,
          -0.03423811663866225,
          -0.27178798377514174
        ],
        [
          -0.06809193715948834,
          -0.10620569162545877,
          0.9920099995274663,
          3.7206486926405673
        ],
        [
          0.2868584886269649,
          0.9502464392514535,
          0.12142451238794007,
          0.55216342450752
        ],
        [
          0.0,
          0.0,
          0.0,
          1.0
        ]
      ]
    },
    {
      "file_path": "./airbus_images_nobg/png/0017.png",
      "sharpness": 31.298012886572756,
      "transform_matrix": [
        [
          -0.31146859530356663,
          -0.19995818261590292,
          0.9289801070843083,
          3.3631665712254675
        ],
        [
          0.8813694649495732,
          0.3046466682952774,
          0.3610793178144484,
          1.4312771442179286
        ],
        [
          -0.35521145870619164,
          0.9312395678425303,
          0.08134916658662579,
          0.13859431268278408
        ],
        [
          0.0,
          0.0,
          0.0,
          1.0
        ]
      ]
    },
    {
      "file_path": "./airbus_images_nobg/png/0038.png",
      "sharpness": 21.471184354504246,
      "transform_matrix": [
        [
          -0.9320613528798732,
          0.36021038075131184,
          -0.03886021204959757,
          -0.011766236806388946
        ],
        [
          -0.12454259565312363,
          -0.2178292088149582,
          0.9680080462771418,
          4.019688067517787
        ],
        [
          0.3402216576746772,
          0.9070826408879635,
          0.24789172286479072,
          1.2269181587005822
        ],
        [
          0.0,
          0.0,
          0.0,
          1.0
        ]
      ]
    },
    {
      "file_path": "./airbus_images_nobg/png/0019.png",
      "sharpness": 21.59095603509389,
      "transform_matrix": [
        [
          -0.36873140711925384,
          -0.15673584445629396,
          0.9162265137400425,
          3.338594221569738
        ],
        [
          0.8677287060182152,
          0.2953838466023739,
          0.3997440129890585,
          1.5048846624130268
        ],
        [
          -0.33329272742980437,
          0.94243421958418,
          0.027086890098741063,
          -0.004281824904973711
        ],
        [
          0.0,
          0.0,
          0.0,
          1.0
        ]
      ]
    },
    {
      "file_path": "./airbus_images_nobg/png/0034.png",
      "sharpness": 23.58869370449759,
      "transform_matrix": [
        [
          -0.937912151614516,
          0.3375500585551289,
          -0.07987962091211016,
          -0.4312217599565713
        ],
        [
          -0.1340762967366559,
          -0.1403996061648627,
          0.9809747689132441,
          3.667510147068167
        ],
        [
          0.3199130233711106,
          0.9307781199475974,
          0.1769399585182302,
          0.8692994692830874
        ],
        [
          0.0,
          0.0,
          0.0,
          1.0
        ]
      ]
    },
    {
      "file_path": "./airbus_images_nobg/png/0035.png",
      "sharpness": 44.23524096087663,
      "transform_matrix": [
        [
          -0.9131154264481612,
          0.38492183744597436,
          -0.13437037267720828,
          -0.5472387817431694
        ],
        [
          -0.21510461658405697,
          -0.17487010998940555,
          0.9608071859425156,
          3.578687890834457
        ],
        [
          0.3463383055949082,
          0.9062315508213459,
          0.24247505931466024,
          1.2080144288680992
        ],
        [
          0.0,
          0.0,
          0.0,
          1.0
        ]
      ]
    },
    {
      "file_path": "./airbus_images_nobg/png/0037.png",
      "sharpness": 40.218826547072105,
      "transform_matrix": [
        [
          -0.8985020558862902,
          0.4121614311812229,
          -0.1510530046988809,
          -0.7096793155997884
        ],
        [
          -0.2661441757703347,
          -0.23783846435063258,
          0.9341306881700862,
          3.615042273370078
        ],
        [
          0.3490864266733525,
          0.8795202212205138,
          0.32339271357392974,
          1.6612007707576317
        ],
        [
          0.0,
          0.0,
          0.0,
          1.0
        ]
      ]
    },
    {
      "file_path": "./airbus_images_nobg/png/0036.png",
      "sharpness": 36.311440376336165,
      "transform_matrix": [
        [
          -0.8924973997385817,
          0.4175930778053107,
          -0.17048288137746398,
          -0.7980767353699779
        ],
        [
          -0.27708023364721907,
          -0.20934411972769923,
          0.9377641407409937,
          3.518479493633633
        ],
        [
          0.3559142250568771,
          0.8841894937843412,
          0.30254587007529077,
          1.4751547738826107
        ],
        [
          0.0,
          0.0,
          0.0,
          1.0
        ]
      ]
    },
    {
      "file_path": "./airbus_images_nobg/png/0031.png",
      "sharpness": 11.639698004543888,
      "transform_matrix": [
        [
          -0.9745687705182111,
          0.17646789974269164,
          0.13811151981218014,
          0.4011080040639211
        ],
        [
          0.13769082109703568,
          -0.014687252461026562,
          0.990366357669235,
          3.621387712288139
        ],
        [
          0.17679634987296672,
          0.9841968121222039,
          -0.009984272439607247,
          0.10650292393530494
        ],
        [
          0.0,
          0.0,
          0.0,
          1.0
        ]
      ]
    },
    {
      "file_path": "./airbus_images_nobg/png/0004.png",
      "sharpness": 25.98947182564697,
      "transform_matrix": [
        [
          -0.9327918029409545,
          0.04631025209810457,
          0.357428052803047,
          1.5447081754797671
        ],
        [
          0.33339399952726007,
          -0.2658841633629759,
          0.9045186856855114,
          3.856244275027732
        ],
        [
          0.13692294714353803,
          0.9628919836816192,
          0.23257500795069502,
          0.9751969509714048
        ],
        [
          0.0,
          0.0,
          0.0,
          1.0
        ]
      ]
    },
    {
      "file_path": "./airbus_images_nobg/png/0032.png",
      "sharpness": 16.97500068736671,
      "transform_matrix": [
        [
          -0.9711516231606673,
          0.23584442652239604,
          0.03524104601920648,
          -0.04993210557817296
        ],
        [
          0.02029344794967583,
          -0.06550953370836883,
          0.9976455668051066,
          3.7085189940308405
        ],
        [
          0.23759777106787452,
          0.9695802738749065,
          0.05883359339952752,
          0.30288075820680965
        ],
        [
          0.0,
          0.0,
          0.0,
          1.0
        ]
      ]
    },
    {
      "file_path": "./airbus_images_nobg/png/0007.png",
      "sharpness": 30.50780815906893,
      "transform_matrix": [
        [
          -0.8652457219305772,
          -0.0862288251402931,
          0.49387693852777076,
          1.9453476710541566
        ],
        [
          0.5004842713584611,
          -0.20636121877402605,
          0.8407916159852844,
          3.4633037870988583
        ],
        [
          0.02941657372475584,
          0.974668988486183,
          0.22170933243704172,
          0.9369575586220892
        ],
        [
          0.0,
          0.0,
          0.0,
          1.0
        ]
      ]
    },
    {
      "file_path": "./airbus_images_nobg/png/0030.png",
      "sharpness": 26.240764741017955,
      "transform_matrix": [
        [
          -0.9582461676248837,
          0.12179102409264075,
          0.25871070464225787,
          0.8952410242920189
        ],
        [
          0.2661405123054043,
          0.049024574467470106,
          0.9626867708711684,
          3.3961177827407862
        ],
        [
          0.10456342549957096,
          0.9913443082828545,
          -0.07939113614910917,
          -0.22389785864006173
        ],
        [
          0.0,
          0.0,
          0.0,
          1.0
        ]
      ]
    },
    {
      "file_path": "./airbus_images_nobg/png/0005.png",
      "sharpness": 22.037308241154545,
      "transform_matrix": [
        [
          -0.9155934630589193,
          0.006788276563685022,
          0.4020479196798245,
          1.690520494830831
        ],
        [
          0.3871633633117483,
          -0.25514815149078685,
          0.8860044869537776,
          3.7160027362710473
        ],
        [
          0.1085962270111315,
          0.9668781412914828,
          0.23098380763104465,
          0.9579360584281806
        ],
        [
          0.0,
          0.0,
          0.0,
          1.0
        ]
      ]
    },
    {
      "file_path": "./airbus_images_nobg/png/0040.png",
      "sharpness": 18.392139394138063,
      "transform_matrix": [
        [
          -0.9504462392950503,
          0.2278568665029716,
          0.21150223311149033,
          1.3576713738771384
        ],
        [
          0.19272508245475328,
          -0.10198650280977026,
          0.9759384180570504,
          4.490596972501215
        ],
        [
          0.2439446429298443,
          0.9683387845416611,
          0.053018954669733484,
          -0.17211741300635525
        ],
        [
          0.0,
          0.0,
          0.0,
          1.0
        ]
      ]
    }
  ]
}